000000000000000000000
000p0000000000000000000000
60101010101010100101010101010
010110100101010100101000101010
01020200200202020202010202000
020202020202022002020000202
010020002020000
02002000000202020022000000000000
000000000
00590505005
5900859085
89599599999575905
5006797079087595850505
085058505050050
0585058559
0595-00505985058595
05905-0675075057578
05850575-575-6805
95085058505885
0598507689658
7896944949555
05755680576044
089tt8589868667868686
00795 05994-9696-0604-9490-9-46466
000003854895786776867
900808907979797
05850585058595859585957595785
500505859585958595859589585
0595950558500578508575059759505
5005050550575057850550570595
500585057850575057507505955
5-5-5950509505
5-50500505005005

